34.057 -118.448
34.057 -118.447
34.057 -118.446
34.057 -118.445
34.057 -118.444
34.057 -118.443
34.058 -118.448
34.058 -118.447
34.058 -118.446
34.058 -118.445
34.058 -118.444
34.058 -118.443
34.059 -118.448
34.059 -118.447
34.059 -118.446
34.059 -118.445
34.059 -118.444
34.059 -118.443
34.06 -118.448
34.06 -118.447
34.06 -118.446
34.06 -118.445
34.06 -118.444
34.06 -118.443
34.061 -118.448
34.061 -118.447
34.061 -118.446
34.061 -118.445
34.061 -118.444
34.061 -118.443
34.062 -118.448
34.062 -118.447
34.062 -118.446
34.062 -118.445
34.062 -118.444
34.062 -118.443
