34.103 -118.315
34.103 -118.294
34.103 -118.273
34.103 -118.25200000000001
34.103 -118.23100000000001
34.103 -118.21000000000001
34.103 -118.188
34.103 -118.167
34.124 -118.315
34.124 -118.294
34.124 -118.273
34.124 -118.25200000000001
34.124 -118.23100000000001
34.124 -118.21000000000001
34.124 -118.188
34.124 -118.167
34.146 -118.315
34.146 -118.294
34.146 -118.273
34.146 -118.25200000000001
34.146 -118.23100000000001
34.146 -118.21000000000001
34.146 -118.188
34.146 -118.167
34.167 -118.315
34.167 -118.294
34.167 -118.273
34.167 -118.25200000000001
34.167 -118.23100000000001
34.167 -118.21000000000001
34.167 -118.188
34.167 -118.167
34.188 -118.315
34.188 -118.294
34.188 -118.273
34.188 -118.25200000000001
34.188 -118.23100000000001
34.188 -118.21000000000001
34.188 -118.188
34.188 -118.167
